8.300000000000000000e+01 5.700000000000000000e+01
1.350000000000000000e+02 6.000000000000000000e+01
1.170000000000000000e+02 6.900000000000000000e+01
-1.000000000000000000e+00 -1.000000000000000000e+00
-1.000000000000000000e+00 -1.000000000000000000e+00
1.520000000000000000e+02 5.300000000000000000e+01
1.820000000000000000e+02 1.220000000000000000e+02
1.660000000000000000e+02 1.900000000000000000e+02
1.300000000000000000e+02 1.970000000000000000e+02
-1.000000000000000000e+00 -1.000000000000000000e+00
-1.000000000000000000e+00 -1.000000000000000000e+00
1.490000000000000000e+02 1.980000000000000000e+02
-1.000000000000000000e+00 -1.000000000000000000e+00
-1.000000000000000000e+00 -1.000000000000000000e+00
-1.000000000000000000e+00 -1.000000000000000000e+00
8.100000000000000000e+01 4.700000000000000000e+01
-1.000000000000000000e+00 -1.000000000000000000e+00
9.500000000000000000e+01 2.800000000000000000e+01
