1.250000000000000000e+02 3.700000000000000000e+01
1.250000000000000000e+02 8.500000000000000000e+01
8.300000000000000000e+01 8.400000000000000000e+01
7.500000000000000000e+01 1.480000000000000000e+02
7.300000000000000000e+01 2.090000000000000000e+02
1.660000000000000000e+02 8.600000000000000000e+01
1.730000000000000000e+02 1.490000000000000000e+02
1.730000000000000000e+02 2.060000000000000000e+02
9.500000000000000000e+01 2.040000000000000000e+02
-1.000000000000000000e+00 -1.000000000000000000e+00
-1.000000000000000000e+00 -1.000000000000000000e+00
1.440000000000000000e+02 2.070000000000000000e+02
-1.000000000000000000e+00 -1.000000000000000000e+00
-1.000000000000000000e+00 -1.000000000000000000e+00
1.170000000000000000e+02 2.900000000000000000e+01
1.330000000000000000e+02 2.900000000000000000e+01
1.060000000000000000e+02 3.600000000000000000e+01
1.450000000000000000e+02 3.400000000000000000e+01
