9.300000000000000000e+01 3.400000000000000000e+01
1.350000000000000000e+02 7.500000000000000000e+01
1.210000000000000000e+02 7.200000000000000000e+01
1.180000000000000000e+02 1.550000000000000000e+02
9.300000000000000000e+01 1.940000000000000000e+02
1.470000000000000000e+02 8.000000000000000000e+01
1.520000000000000000e+02 1.550000000000000000e+02
1.270000000000000000e+02 2.190000000000000000e+02
1.020000000000000000e+02 2.100000000000000000e+02
-1.000000000000000000e+00 -1.000000000000000000e+00
-1.000000000000000000e+00 -1.000000000000000000e+00
1.260000000000000000e+02 2.150000000000000000e+02
-1.000000000000000000e+00 -1.000000000000000000e+00
-1.000000000000000000e+00 -1.000000000000000000e+00
-1.000000000000000000e+00 -1.000000000000000000e+00
9.700000000000000000e+01 2.600000000000000000e+01
-1.000000000000000000e+00 -1.000000000000000000e+00
1.210000000000000000e+02 2.500000000000000000e+01
