-1.000000000000000000e+00 -1.000000000000000000e+00
1.260000000000000000e+02 7.000000000000000000e+01
1.760000000000000000e+02 7.300000000000000000e+01
1.830000000000000000e+02 1.440000000000000000e+02
1.810000000000000000e+02 2.100000000000000000e+02
7.500000000000000000e+01 6.900000000000000000e+01
6.200000000000000000e+01 1.470000000000000000e+02
6.300000000000000000e+01 2.050000000000000000e+02
1.490000000000000000e+02 2.090000000000000000e+02
-1.000000000000000000e+00 -1.000000000000000000e+00
-1.000000000000000000e+00 -1.000000000000000000e+00
9.600000000000000000e+01 2.070000000000000000e+02
-1.000000000000000000e+00 -1.000000000000000000e+00
-1.000000000000000000e+00 -1.000000000000000000e+00
-1.000000000000000000e+00 -1.000000000000000000e+00
-1.000000000000000000e+00 -1.000000000000000000e+00
1.470000000000000000e+02 1.100000000000000000e+01
1.040000000000000000e+02 0.000000000000000000e+00
