1.290000000000000000e+02 2.800000000000000000e+01
1.290000000000000000e+02 5.800000000000000000e+01
1.060000000000000000e+02 5.700000000000000000e+01
1.010000000000000000e+02 9.400000000000000000e+01
1.000000000000000000e+02 1.290000000000000000e+02
1.520000000000000000e+02 5.800000000000000000e+01
1.580000000000000000e+02 9.200000000000000000e+01
1.570000000000000000e+02 1.270000000000000000e+02
1.130000000000000000e+02 1.290000000000000000e+02
1.110000000000000000e+02 1.800000000000000000e+02
1.100000000000000000e+02 2.280000000000000000e+02
1.410000000000000000e+02 1.290000000000000000e+02
1.400000000000000000e+02 1.810000000000000000e+02
1.380000000000000000e+02 2.280000000000000000e+02
1.250000000000000000e+02 2.400000000000000000e+01
1.340000000000000000e+02 2.400000000000000000e+01
1.180000000000000000e+02 2.600000000000000000e+01
1.410000000000000000e+02 2.700000000000000000e+01
