1.610000000000000000e+02 3.800000000000000000e+01
1.180000000000000000e+02 9.600000000000000000e+01
1.660000000000000000e+02 9.600000000000000000e+01
1.750000000000000000e+02 1.860000000000000000e+02
1.760000000000000000e+02 2.550000000000000000e+02
7.200000000000000000e+01 9.700000000000000000e+01
6.200000000000000000e+01 1.870000000000000000e+02
6.300000000000000000e+01 2.550000000000000000e+02
1.460000000000000000e+02 2.440000000000000000e+02
-1.000000000000000000e+00 -1.000000000000000000e+00
-1.000000000000000000e+00 -1.000000000000000000e+00
9.200000000000000000e+01 2.420000000000000000e+02
-1.000000000000000000e+00 -1.000000000000000000e+00
-1.000000000000000000e+00 -1.000000000000000000e+00
1.580000000000000000e+02 2.900000000000000000e+01
-1.000000000000000000e+00 -1.000000000000000000e+00
1.380000000000000000e+02 3.400000000000000000e+01
-1.000000000000000000e+00 -1.000000000000000000e+00
