1.320000000000000000e+02 2.900000000000000000e+01
1.360000000000000000e+02 5.700000000000000000e+01
1.160000000000000000e+02 5.700000000000000000e+01
1.080000000000000000e+02 9.400000000000000000e+01
1.070000000000000000e+02 1.300000000000000000e+02
1.540000000000000000e+02 5.600000000000000000e+01
1.580000000000000000e+02 9.400000000000000000e+01
1.570000000000000000e+02 1.280000000000000000e+02
1.190000000000000000e+02 1.170000000000000000e+02
1.240000000000000000e+02 1.760000000000000000e+02
1.290000000000000000e+02 2.300000000000000000e+02
1.440000000000000000e+02 1.180000000000000000e+02
1.360000000000000000e+02 1.760000000000000000e+02
1.410000000000000000e+02 2.310000000000000000e+02
1.280000000000000000e+02 2.600000000000000000e+01
1.370000000000000000e+02 2.600000000000000000e+01
1.240000000000000000e+02 2.800000000000000000e+01
1.450000000000000000e+02 2.800000000000000000e+01
