1.280000000000000000e+02 3.800000000000000000e+01
1.320000000000000000e+02 8.200000000000000000e+01
1.020000000000000000e+02 8.300000000000000000e+01
9.400000000000000000e+01 1.410000000000000000e+02
8.100000000000000000e+01 1.940000000000000000e+02
1.620000000000000000e+02 8.000000000000000000e+01
1.700000000000000000e+02 1.370000000000000000e+02
1.680000000000000000e+02 9.100000000000000000e+01
1.080000000000000000e+02 1.760000000000000000e+02
1.150000000000000000e+02 2.550000000000000000e+02
-1.000000000000000000e+00 -1.000000000000000000e+00
1.510000000000000000e+02 1.750000000000000000e+02
1.610000000000000000e+02 2.550000000000000000e+02
-1.000000000000000000e+00 -1.000000000000000000e+00
1.200000000000000000e+02 3.100000000000000000e+01
1.350000000000000000e+02 3.000000000000000000e+01
1.130000000000000000e+02 3.600000000000000000e+01
1.470000000000000000e+02 3.400000000000000000e+01
