1.290000000000000000e+02 2.500000000000000000e+01
1.290000000000000000e+02 5.400000000000000000e+01
1.090000000000000000e+02 5.200000000000000000e+01
1.010000000000000000e+02 8.700000000000000000e+01
1.060000000000000000e+02 1.120000000000000000e+02
1.490000000000000000e+02 5.600000000000000000e+01
1.510000000000000000e+02 9.400000000000000000e+01
1.580000000000000000e+02 1.280000000000000000e+02
1.150000000000000000e+02 1.140000000000000000e+02
1.060000000000000000e+02 1.740000000000000000e+02
9.600000000000000000e+01 2.280000000000000000e+02
1.410000000000000000e+02 1.150000000000000000e+02
1.390000000000000000e+02 1.740000000000000000e+02
1.330000000000000000e+02 2.270000000000000000e+02
1.250000000000000000e+02 2.100000000000000000e+01
1.330000000000000000e+02 2.000000000000000000e+01
1.190000000000000000e+02 2.500000000000000000e+01
1.400000000000000000e+02 2.300000000000000000e+01
