1.030000000000000000e+02 3.500000000000000000e+01
1.310000000000000000e+02 7.100000000000000000e+01
1.610000000000000000e+02 7.700000000000000000e+01
1.620000000000000000e+02 1.370000000000000000e+02
1.650000000000000000e+02 1.930000000000000000e+02
1.020000000000000000e+02 6.400000000000000000e+01
8.900000000000000000e+01 1.290000000000000000e+02
9.000000000000000000e+01 1.750000000000000000e+02
1.430000000000000000e+02 1.830000000000000000e+02
1.400000000000000000e+02 2.550000000000000000e+02
-1.000000000000000000e+00 -1.000000000000000000e+00
1.030000000000000000e+02 1.790000000000000000e+02
8.900000000000000000e+01 2.550000000000000000e+02
-1.000000000000000000e+00 -1.000000000000000000e+00
-1.000000000000000000e+00 -1.000000000000000000e+00
1.080000000000000000e+02 2.800000000000000000e+01
-1.000000000000000000e+00 -1.000000000000000000e+00
1.280000000000000000e+02 3.100000000000000000e+01
