1.030000000000000000e+02 3.100000000000000000e+01
1.380000000000000000e+02 7.100000000000000000e+01
1.600000000000000000e+02 7.400000000000000000e+01
1.570000000000000000e+02 1.340000000000000000e+02
1.460000000000000000e+02 1.700000000000000000e+02
1.150000000000000000e+02 6.900000000000000000e+01
1.150000000000000000e+02 1.320000000000000000e+02
1.040000000000000000e+02 1.840000000000000000e+02
1.430000000000000000e+02 1.820000000000000000e+02
1.360000000000000000e+02 2.550000000000000000e+02
-1.000000000000000000e+00 -1.000000000000000000e+00
1.090000000000000000e+02 1.810000000000000000e+02
9.900000000000000000e+01 2.550000000000000000e+02
-1.000000000000000000e+00 -1.000000000000000000e+00
-1.000000000000000000e+00 -1.000000000000000000e+00
1.090000000000000000e+02 2.500000000000000000e+01
-1.000000000000000000e+00 -1.000000000000000000e+00
1.290000000000000000e+02 2.800000000000000000e+01
