-1.000000000000000000e+00 -1.000000000000000000e+00
1.430000000000000000e+02 8.400000000000000000e+01
1.880000000000000000e+02 8.600000000000000000e+01
1.850000000000000000e+02 1.770000000000000000e+02
1.910000000000000000e+02 2.420000000000000000e+02
9.700000000000000000e+01 8.400000000000000000e+01
8.200000000000000000e+01 1.650000000000000000e+02
6.700000000000000000e+01 2.390000000000000000e+02
1.600000000000000000e+02 2.240000000000000000e+02
-1.000000000000000000e+00 -1.000000000000000000e+00
-1.000000000000000000e+00 -1.000000000000000000e+00
1.060000000000000000e+02 2.210000000000000000e+02
-1.000000000000000000e+00 -1.000000000000000000e+00
-1.000000000000000000e+00 -1.000000000000000000e+00
-1.000000000000000000e+00 -1.000000000000000000e+00
-1.000000000000000000e+00 -1.000000000000000000e+00
1.570000000000000000e+02 2.700000000000000000e+01
1.110000000000000000e+02 2.600000000000000000e+01
